300
297341184
310059328
186010440
162800904
565323968
42326584
274914002
247301378
688219024
774862052
242397180
202400055
16830510
10827035
77509521
378040806
62298020
457427776
410384053
141561833
27544880
584872512
81389784
178141972
359190800
280161882
505556560
293049968
192292216
161732454
13033276
90650476
796839075
226774812
133153575
260197196
152573040
31787275
69495720
289269981
149127084
270750090
463959864
410052558
641222400
390823784
124542074
970934676
29156109
180829460
140515336
143904146
16730925
44622396
347878680
90244220
371063847
38370906
320818530
135794984
44891484
9705072
184667140
65138489
331454712
889418954
244341015
6215876
835346358
49754878
18409356
41290722
123093820
353268408
58589216
448050564
75457128
194095116
424186815
6717074
294904915
282559752
799948110
14327140
711183040
365729259
433721651
8808020
440748900
14080170
380108112
128625120
49963342
27391476
181290244
117316908
583915858
89805248
285407265
505483088
399433782
143266172
343582305
1048541483
748335756
113483175
532944333
806104700
224255720
683217600
115410960
275695396
334320828
459251400
667040600
401593500
650733837
5440176
21275980
332308278
398383616
544958720
83439800
107691682
198319968
115600956
72878820
950871016
203806744
585484057
80972668
265018166
412099380
37029465
419844881
61160550
351831370
50396960
439236576
13673565
79595232
175427373
551614800
165571092
49011264
587128
177584460
161494186
94640129
141322608
454998288
126724693
302631452
30384225
122033200
319513587
100200609
327605025
44746960
514021032
676037999
289556476
9100208
52816218
166185075
542850048
229191095
605611484
55542810
175231056
301298844
776820543
340480
91634895
11759716
17403808
277215950
93851184
11389198
61705603
72538745
513797022
84750894
47996840
60889766
113642529
198259062
30130315
423145440
148518300
289021084
35336784
62791146
293598270
617227520
232070
350227836
396285062
49367024
15382232
3819368
596231064
324780456
214344054
57750599
114450472
208193320
8431944
90872678
452696876
104659125
235805640
136337960
325493280
69402644
108462108
66513226
167494595
82725498
303063573
266155680
22911612
227180758
251853984
42879392
107887367
13502608
92676472
3888306
244504533
952162768
388179582
29050240
337822432
268886436
18793152
661530452
3013032
29733088
362969880
149126130
113390528
22960725
894631010
58613220
6026872
16600320
541229785
25690701
6031872
276025932
37941694
206042744
423520488
477120586
83091960
176693406
232368463
18237504
1241399
857731359
2118309
128620864
248290548
110379360
18713030
632279802
395023320
357718770
482503500
171438729
9969864
102202800
211408758
597646467
116751260
256835394
472701976
128860160
51643526
486377216
286588464
528488576
470134912
194749181
86287500
912128993
632436480
168475060
412312248
52286216
25526206
334099997
318976055
99560582
659287540
121211910
17453993
172694568
251416680
