Insertion Sort:

232070
340480
587128
1241399
2118309
3013032
3819368
3888306
5440176
6026872
6031872
6215876
6717074
8431944
8808020
9100208
9705072
9969864
10827035
11389198
11759716
13033276
13502608
13673565
14080170
14327140
15382232
16600320
16730925
16830510
17403808
17453993
18237504
18409356
18713030
18793152
21275980
22911612
22960725
25526206
25690701
27391476
27544880
29050240
29156109
29733088
30130315
30384225
31787275
35336784
37029465
37941694
38370906
41290722
42326584
42879392
44622396
44746960
44891484
47996840
49011264
49367024
49754878
49963342
50396960
51643526
52286216
52816218
55542810
57750599
58589216
58613220
60889766
61160550
61705603
62298020
62791146
65138489
66513226
69402644
69495720
72538745
72878820
75457128
77509521
79595232
80972668
81389784
82725498
83091960
83439800
84750894
86287500
89805248
90244220
90650476
90872678
91634895
92676472
93851184
94640129
99560582
100200609
102202800
104659125
107691682
107887367
108462108
110379360
113390528
113483175
113642529
114450472
115410960
115600956
116751260
117316908
121211910
122033200
123093820
124542074
126724693
128620864
128625120
128860160
133153575
135794984
136337960
140515336
141322608
141561833
143266172
143904146
148518300
149126130
149127084
152573040
161494186
161732454
162800904
165571092
166185075
167494595
168475060
171438729
172694568
175231056
175427373
176693406
177584460
178141972
180829460
181290244
184667140
186010440
192292216
194095116
194749181
198259062
198319968
202400055
203806744
206042744
208193320
211408758
214344054
224255720
226774812
227180758
229191095
232368463
235805640
242397180
244341015
244504533
247301378
248290548
251416680
251853984
256835394
260197196
265018166
266155680
268886436
270750090
274914002
275695396
276025932
277215950
280161882
282559752
285407265
286588464
289021084
289269981
289556476
293049968
293598270
294904915
297341184
301298844
302631452
303063573
310059328
318976055
319513587
320818530
324780456
325493280
327605025
331454712
332308278
334099997
334320828
337822432
343582305
347878680
350227836
351831370
353268408
357718770
359190800
362969880
365729259
371063847
378040806
380108112
388179582
390823784
395023320
396285062
398383616
399433782
401593500
410052558
410384053
412099380
412312248
419844881
423145440
423520488
424186815
433721651
439236576
440748900
448050564
452696876
454998288
457427776
459251400
463959864
470134912
472701976
477120586
482503500
486377216
505483088
505556560
513797022
514021032
528488576
532944333
541229785
542850048
544958720
551614800
565323968
583915858
584872512
585484057
596231064
597646467
605611484
617227520
632279802
632436480
641222400
650733837
659287540
661530452
667040600
676037999
683217600
688219024
711183040
748335756
774862052
776820543
796839075
799948110
806104700
835346358
857731359
889418954
894631010
912128993
950871016
952162768
970934676
1048541483
